0.0289321
0.276819
0.04814
0.0396963
0.0562749
0.103129
0.0672389
0.0453087
0.0284683
0.0277283
0.0303949
0.052998
0.0372639
0.0499022
0.0391221
0.0362663
0.0469802
0.0436895
0.0302975
0.0492277
0.0503505
0.086764
0.0122966
0.0491018
0.0232003
0.0277625
0.0244254
0.0394981
0.0692278
0.0360522
0.0413447
0.0272196
0.0249698
0.0187089
0.0211086
0.0406323
0.0326005
0.018186
0.0219585
0.0239912
0.0386519
0.0434876
0.0328902
0.0133765
0.0730868
0.0284677
0.0455764
0.0324731
0.0383842
0.0187415
0.0231465
0.0486279
0.0158727
0.0189245
0.0276451
0.0227676
0.0260556
0.0381475
0.0653472
0.0304126
0.0340685
0.0533118
0.123921
0.0658405
0.0974478
0.0283317
0.0180015
0.00781988
0.0285595
0.0355436
0.0134457
0.0168252
0.00993033
0.0229339
0.0574525
0.0129093
0.0174632
0.0135968
0.0186697
0.0318381
0.0504788
0.0671148
0.0811664
0.054895
0.0367767
0.0263281
0.118991
0.0725599
0.0242091
0.0403702
0.0196491
0.0276383
0.0297256
0.037938
0.0283354
0.0291992
0.0717249
0.0196946
0.0261577
0.0193312
0.0318912
0.0198019
0.0138284
0.0342333
0.0253785
0.0795189
0.0914039
0.116601
0.0406484
0.00645103
0.00966462
0.0089999
0.0180771
0.0548048
0.0713915
0.0633897
0.0486557
0.0117169
0.0177356
0.0136578
0.012017
0.110454
0.0189483
0.0219479
0.0299588
0.0204522
0.0179283
0.0121253
0.0945117
0.102841
0.199777
0.0275957
0.034737
0.0525866
0.0212125
0.0255096
0.0213301
0.059193
0.0257181
0.0301143
0.0266627
0.0636815
0.062116
0.033148
0.00927949
0.0316808
0.0121717
0.0219014
0.0126158
0.0194593
0.0245799
0.0317192
0.0441922
0.0146246
0.026542
0.0414865
0.0188246
0.0418095
0.0309906
0.0248206
0.156819
0.0307202
0.0341192
0.0245203
0.0287872
0.0665281
0.0858942
0.0329853
0.0448299
0.062124
0.0618086
0.0275208
0.0483472
0.042744
0.0402179
0.00800701
0.0201993
0.033988
0.0232715
0.0410622
0.0480394
0.0359211
0.0221028
0.0997944
0.0499283
0.0118788
0.0161675
0.0280457
0.0186008
0.0462071
0.0202138
0.0440928
0.0177412
0.0177587
0.0307645
0.0234165
0.0166145
0.0234039
0.0172467
0.0279855
0.0256837
0.0304833
0.00666848
0.028212
0.0202413
0.0211972
0.0316404
0.0215312
0.0355745
0.0381457
0.0478377
0.0804029
0.0651325
0.0350475
0.0356136
0.0572636
0.0201934
0.0221672
0.0294746
0.0135229
0.0127495
0.0379696
0.0382232
0.0305238
0.00938465
0.0193421
0.0299258
0.0975866
0.0146626
0.024232
0.0177213
0.0373033
0.0557576
0.0280991
0.0252607
0.0139397
0.031935
0.0174259
0.0281551
0.00920046
0.0156886
0.016247
0.02217
0.0310674
0.0187749
0.0343432
0.012906
0.0157546
0.0171053
0.0698429
0.0245802
0.0246368
0.0503065
0.0152824
0.0196604
0.0280958
0.0780044
0.0121786
0.0257366
0.0208429
0.0185478
0.0300751
0.0208883
0.0316366
0.0234921
0.0318467
0.0202797
0.0189406
0.0234406
0.052441
0.011257
0.0409644
0.0303059
0.0182717
0.0195004
0.0266299
0.0145577
0.012374
0.0277371
0.00889722
0.0705921
0.027718
0.0678988
0.0767183
0.0251717
0.0459066
0.026525
0.0149784
0.0209863
0.00807629
0.0551017
0.0172499
0.0247414
0.0165208
0.0177308
0.0434199
0.0485048
0.0184632
0.00880192
0.020396
0.0273809
0.0822567
0.0172152
0.0523146
0.0201126
0.0333867
0.0345625
0.0108451
0.023292
0.0233855
0.0169632
0.0254546
0.0160012
0.0153593
0.0229102
0.0069078
0.0286256
0.0142023
0.0322004
0.0747762
0.03129
0.028293
0.0177987
0.024518
0.0125884
0.0198414
0.024909
0.0334483
0.0145904
0.0581913
0.0108163
0.0175621
0.0183382
0.0798805
0.0172764
0.0220215
0.0225792
0.0277604
0.0341703
0.0296729
0.063625
0.0090637
0.0344115
0.0163687
0.0130943
0.0189659
0.0177528
0.0208858
0.00605136
0.0159931
0.0176412
0.0319176
0.0164523
0.022594
0.0106261
0.0262393
0.0338501
0.0307719
0.035828
0.020002
0.0265405
0.0328523
0.046725
0.0261993
0.00896219
0.113894
0.0552343
0.0469025
0.0345395
0.0073028
0.0153349
0.0496999
0.0170222
0.015725
0.0101707
0.0434531
0.029523
0.078456
0.0200228
0.0364704
0.0248641
0.020189
0.00621587
0.0507474
0.0123622
0.017444
0.00756099
0.0204199
0.0177834
0.0261692
0.0211435
0.0149431
0.0165061
0.0462745
0.023228
0.026676
0.0119131
0.0292062
0.00567497
0.0139679
0.0212423
0.0237499
0.0674205
0.0133358
0.0482314
0.0599703
0.0228915
0.0197785
0.0276154
0.0235724
0.00811133
0.0498842
0.0398554
0.0195577
0.00487504
0.0110571
0.0052084
0.0363981
0.0212443
0.0503249
0.0744601
0.0382546
0.0203623
0.0219764
0.0597285
0.0150491
0.0364877
0.0321168
0.0189745
0.0246531
0.0315321
0.02002
0.00839719
0.0179025
0.0984323
0.00516897
0.00525077
0.0216406
0.0575184
0.00523135
0.0448654
0.0326486
0.0170956
0.0291392
0.0177184
0.0180585
0.0187039
0.0237634
0.0256095
0.00391195
0.0409297
0.0600827
0.0287908
0.0124897
0.00697074
0.041769
0.00565346
0.0192062
0.030581
0.0506565
0.0310015
0.0143876
0.0210695
0.00800411
0.032172
0.0098598
0.0352028
0.015782
0.0157286
0.0179566
0.0184039
0.00746106
0.0070772
0.0539217
0.0452051
0.00452314
0.00764967
0.0123977
0.0214519
0.0484453
0.0262554
0.0267562
0.0304783
0.0271147
0.0155139
0.0199883
0.0316559
0.0211013
0.00932335
0.0192497
0.0231963
0.00721475
0.016879
0.053512
0.0569942
0.0334986
0.0238649
0.0133575
0.0501276
0.0361248
0.0174509
0.0135655
0.0177802
0.0129323
0.0308487
0.0135852
0.0449101
0.00659608
0.0210499
0.0425674
0.0167854
0.0172856
0.006215
0.0289609
0.0135367
0.0306912
0.0112946
0.0144649
0.0436233
0.00742633
0.0309626
0.0138526
0.0064183
0.0250226
0.00352342
0.0316124
0.0350758
0.012271
0.00903484
0.033211
0.00885931
0.0315941
0.11698
0.0583227
0.00432539
0.0101702
0.0120944
0.0144661
0.0109888
0.00818367
0.00815173
0.0110474
0.0129917
0.0236445
0.0253572
0.0179823
0.050639
0.0219746
0.0151295
0.032351
0.0188075
0.0127038
0.0224555
0.0101774
0.0124935
0.0135032
0.00861096
0.0137717
0.0153203
0.00723788
0.0233049
0.00449558
0.0199351
0.0120348
0.00480521
0.00947433
0.0191226
0.00886852
0.0178589
0.031779
0.016644
0.0142447
0.0192768
0.0148545
0.00539067
0.00983363
0.0135533
0.00601213
0.00392886
0.0140818
0.0285715
0.0217004
0.0116004
0.00453545
0.00599847
0.0104707
0.0176939
0.0123925
0.0216848
0.0121133
0.0230812
0.00747143
0.0260579
0.0305422
0.0061443
0.00410322
0.00581488
0.011038
0.0101774
0.00557274
0.0110945
0.0250469
0.0194106
0.00391195
0.00791237
0.00846453
0.00396174
0.0182958
0.0199917
0.00814113
0.00780926
0.0255541
0.0353402
0.00919008
0.0122664
0.0279638
0.00697428
0.0137153
0.0303864
0.00725392
0.00849582
0.011188
0.00415631
0.0176199
0.00904316
0.00651542
0.00403231
0.00935795
0.0594353
0.00551869
0.0414989
0.0373511
0.00705673
0.0285715
0.00627322
0.00671549
0.0325135
0.0398796
0.00582646
0.0458869
0.0157093
0.010136
0.0145114
0.0136953
0.0109015
0.00785939
0.04017
0.00984195
0.0285715
0.0100896
0.00421111
0.0110527
0.00617123
0.0285715
0.0268306
0.0204289
0.0109294
0.00424176
0.0285715
0.0328291
0.0285715
0.0327976
0.0125738
0.0176686
0.00906753
0.015393
0.0153839
0.019828
0.00404704
0.00859991
0.0285715
0.0178414
0.0143392
0.00705363
0.010348
0.0285715
0.0061097
0.00461827
0.00935754
0.017229
0.0042046
0.0173991
0.00648858
0.0612633
0.0285715
0.0247333
0.00801011
0.00734328
0.00417119
0.00742654
0.0126612
0.0285715
0.00408726
0.00586041
0.0091866
0.00880029
0.0082116
0.0183464
0.0165366
0.0223477
0.0257711
0.00449558
0.00435495
0.0285715
0.0326348
0.0131997
0.0121832
0.0306775
0.01464
0.00508126
0.0163656
0.0285715
0.00820994
0.00497571
0.0169249
0.00738993
0.00730509
0.014416
0.00668921
0.0130058
0.0166571
0.0124487
0.00614844
0.0113434
0.00455913
0.0102644
0.00793412
0.00532011
0.016046
0.00925096
0.00801456
0.0285715
0.0285715
0.012192
0.0112401
0.00742926
0.0108332
0.00735696
0.0210544
0.00666821
0.0043056
0.00959726
0.00665463
0.00615753
0.0285715
0.00689583
0.0285715
0.0167277
0.0165056
0.00646801
0.00352342
0.00605088
0.00538675
0.0157363
0.0219496
0.00352342
0.0144069
0.0421205
0.0219591
0.0039596
0.00666906
0.00406432
0.00423069
0.00730509
0.00893871
0.0180199
0.00564652
0.00627815
0.0127242
0.00538945
0.00405876
0.00872031
0.0285715
0.00627322
0.00405296
0.00392402
0.0185081
0.0162187
0.00603038
0.00429181
0.00377143
0.00509875
0.00504527
0.00867438
0.0323044
0.00582244
0.00642644
0.00411306
0.00627322
0.013037
0.00352342
0.00897612
0.0039596
0.00440364
0.00513887
0.00410359
0.00556757
0.00684714
0.0285715
0.00579031
0.00510628
0.00456086
0.00412633
0.0126347
0.0115155
0.00645119
0.00746995
0.00701031
0.0285715
0.0292612
0.00587558
0.00661658
0.0277461
0.00750891
0.00611504
0.0125691
0.0159448
0.00920459
0.00899546
0.00679352
0.0714847
0.00393503
0.0140785
0.0188809
0.00421369
0.0172136
0.015756
0.00429541
0.0149231
0.00521086
0.00418764
0.00396582
0.017103
0.0063457
0.0040245
0.00947689
0.0157646
0.00716538
0.00418018
0.00404846
0.0136257
0.00909751
0.0045972
0.00741085
0.0041793
0.0192799
0.00627322
0.0235252
0.00557452
0.052719
0.00465276
0.0103041
0.0151223
0.00383688
0.00702671
0.00593142
0.040962
0.0060566
0.00352342
0.0348351
0.0164105
0.00438262
0.00441208
0.00352342
0.00398376
0.00896618
0.00533442
0.00623168
0.0047561
0.00734988
0.00473923
0.00408726
0.011383
0.00444354
0.00473923
0.00352342
0.00365107
0.00801365
0.00596574
0.00352342
0.0185402
0.00411108
0.00453745
0.0118772
0.0329986
0.00653244
0.0046318
0.00641503
0.00406936
0.00559576
0.0321085
0.00466351
0.0128397
0.00430324
0.00457068
0.00466383
0.015791
0.00401869
0.00613346
0.00402584
0.0208888
0.00352342
0.00410297
0.00655308
0.00399142
0.00528314
0.00621536
0.0176027
0.0174624
0.00687585
0.00381911
0.00596351
0.00490816
0.0206974
0.0173068
0.00399294
0.00391195
0.01699
0.0167294
0.011417
0.0038471
0.0103099
0.0185601
0.0249509
0.010335
0.0120561
0.0121692
0.0100531
0.00400954
0.0122543
0.0150762
0.0125739
0.0331698
0.0163093
0.00586812
0.00620794
0.00815608
0.00938408
0.00484123
0.00526881
0.00471428
0.00352342
0.0038471
0.00352342
0.00352342
0.010788
0.0040788
0.00882225
0.00417895
0.0136598
0.0321839
0.0118102
0.0100617
0.0107004
0.00759298
0.01283
0.0136326
0.0125954
0.0123067
0.00404846
0.00404846
0.00404846
0.00836224
0.023757
0.00642565
0.00382135
0.00517908
0.00785795
0.0420216
0.00517393
0.00466023
0.00840875
0.00575244
0.00360184
0.00831999
0.00360184
0.0088849
0.0388567
0.00589927
0.00412633
0.00721842
0.00980848
0.00352342
0.00524378
0.00496936
0.00411165
0.00568346
0.0123328
0.00453347
0.00894041
0.0147685
0.00553985
0.00627322
0.00398899
0.00406421
0.00352342
0.00417679
0.00556422
0.00381911
0.00397873
0.00679036
0.00643306
0.00392402
0.00396582
0.00407786
