5.37793e-07
0.705687
9.69873e-07
8.17854e-07
1.17136e-06
1.89435e-06
1.36485e-06
1.05083e-06
6.21153e-07
5.90606e-07
5.9792e-07
1.16054e-06
7.43058e-07
1.00151e-06
7.98614e-07
7.0074e-07
1.02508e-06
8.60523e-07
5.92704e-07
1.10175e-06
9.11235e-07
1.7503e-06
1.85245e-07
1.09725e-06
4.60196e-07
5.89324e-07
5.10298e-07
8.50676e-07
1.54556e-06
7.8742e-07
9.12449e-07
5.84656e-07
5.30508e-07
3.76175e-07
4.35549e-07
8.82542e-07
7.0825e-07
3.51537e-07
4.5486e-07
4.98787e-07
8.37474e-07
9.36119e-07
6.83025e-07
2.34942e-07
1.64762e-06
5.61841e-07
9.68123e-07
6.83756e-07
7.85771e-07
3.11014e-07
4.16e-07
9.37855e-07
2.53159e-07
3.5564e-07
5.58685e-07
4.39775e-07
4.94708e-07
7.0616e-07
1.4024e-06
5.91148e-07
6.68877e-07
1.1142e-06
2.69545e-06
1.43642e-06
2.02288e-06
5.61599e-07
3.00429e-07
9.34659e-08
5.71085e-07
6.51288e-07
2.22275e-07
2.83142e-07
6.93114e-08
4.0579e-07
1.12871e-06
2.2099e-07
3.24642e-07
2.30148e-07
3.32824e-07
6.42609e-07
1.00581e-06
1.41632e-06
1.76951e-06
1.15041e-06
7.39413e-07
4.42347e-07
2.52217e-06
1.59624e-06
3.82902e-07
8.11544e-07
3.55101e-07
5.00595e-07
5.28004e-07
7.60318e-07
5.36594e-07
5.08417e-07
1.52379e-06
3.13996e-07
4.47723e-07
3.3465e-07
5.47225e-07
3.29383e-07
1.92694e-07
7.07083e-07
5.03368e-07
1.786e-06
1.81263e-06
2.5357e-06
6.9333e-07
6.59061e-08
1.25941e-07
1.08614e-07
2.90417e-07
1.19096e-06
1.59091e-06
1.44475e-06
1.08729e-06
1.67522e-07
3.05116e-07
2.27934e-07
1.84716e-07
2.48061e-06
3.27354e-07
4.39796e-07
4.86564e-07
3.03709e-07
3.14193e-07
1.87682e-07
2.056e-06
2.11687e-06
0.504272
5.71474e-07
7.39136e-07
1.09358e-06
3.17477e-07
5.36516e-07
4.44676e-07
1.11334e-06
4.83611e-07
5.81073e-07
5.08698e-07
1.46862e-06
1.3197e-06
6.72153e-07
1.27327e-07
5.84672e-07
1.78968e-07
4.35947e-07
1.93746e-07
3.43566e-07
4.73973e-07
6.82723e-07
9.23157e-07
2.7429e-07
5.29755e-07
8.51719e-07
2.80108e-07
8.38081e-07
6.09738e-07
4.78932e-07
3.34854e-06
7.00001e-07
6.85771e-07
4.21941e-07
5.63046e-07
1.49869e-06
1.86094e-06
6.52e-07
8.92929e-07
1.42274e-06
1.30119e-06
5.75205e-07
1.03203e-06
8.61809e-07
8.5716e-07
1.05504e-07
3.69215e-07
6.36802e-07
4.18803e-07
7.9087e-07
9.1615e-07
7.18817e-07
4.12083e-07
2.21318e-06
1.00581e-06
1.43248e-07
2.90804e-07
5.7219e-07
3.51211e-07
7.70291e-07
3.81925e-07
7.01411e-07
2.86204e-07
3.13147e-07
6.03733e-07
4.52138e-07
2.98322e-07
4.49092e-07
2.55227e-07
5.51782e-07
4.82114e-07
6.17963e-07
7.0258e-08
5.46615e-07
3.64672e-07
3.93752e-07
5.77755e-07
4.03574e-07
7.32186e-07
7.94286e-07
1.03315e-06
1.72228e-06
1.45018e-06
7.63546e-07
7.15343e-07
1.0934e-06
3.7592e-07
3.41344e-07
5.75329e-07
2.33846e-07
2.15047e-07
7.44053e-07
7.45638e-07
5.96131e-07
1.24781e-07
3.51425e-07
6.04778e-07
0.218271
2.51691e-07
4.55884e-07
2.16061e-07
6.54277e-07
1.12627e-06
5.91914e-07
4.88598e-07
2.43729e-07
6.57519e-07
3.00756e-07
5.53992e-07
1.31864e-07
2.69741e-07
2.82516e-07
3.41618e-07
5.87244e-07
3.48917e-07
7.214e-07
2.15491e-07
3.00451e-07
2.86352e-07
1.57735e-06
4.62331e-07
5.193e-07
1.08026e-06
2.78596e-07
3.73534e-07
5.59692e-07
1.70038e-06
1.95941e-07
4.17207e-07
3.37539e-07
3.17442e-07
6.49839e-07
3.39696e-07
6.68617e-07
4.9077e-07
7.28885e-07
3.94694e-07
3.70359e-07
4.59176e-07
1.0472e-06
1.7918e-07
7.92683e-07
5.81385e-07
3.20606e-07
3.53277e-07
4.60992e-07
2.14736e-07
1.88759e-07
5.46047e-07
1.17918e-07
1.52814e-06
5.73993e-07
1.43553e-06
1.69303e-06
4.78043e-07
9.60929e-07
5.16426e-07
2.33442e-07
3.87429e-07
9.90875e-08
9.73743e-07
3.08483e-07
4.68919e-07
3.17824e-07
3.12753e-07
8.56188e-07
1.03428e-06
2.83075e-07
1.18341e-07
3.46876e-07
5.18553e-07
1.73199e-06
3.211e-07
1.11604e-06
3.61227e-07
6.70916e-07
5.40394e-07
1.58119e-07
4.71085e-07
4.03084e-07
3.07839e-07
4.41379e-07
2.74245e-07
2.53086e-07
4.43503e-07
6.8585e-08
4.22553e-07
2.32363e-07
6.8373e-07
0.164366
6.22051e-07
5.55078e-07
3.03349e-07
4.30614e-07
2.15654e-07
3.62462e-07
4.85994e-07
5.3747e-07
2.4233e-07
1.2097e-06
1.46087e-07
3.22475e-07
3.6636e-07
1.64596e-06
2.88337e-07
3.67385e-07
4.51172e-07
5.8751e-07
7.53156e-07
6.24793e-07
1.31873e-06
1.19003e-07
6.61854e-07
2.84529e-07
1.97328e-07
3.32364e-07
3.22403e-07
3.61499e-07
5.12218e-08
2.56746e-07
2.70034e-07
6.55065e-07
2.80752e-07
4.06399e-07
1.35752e-07
5.63115e-07
6.94479e-07
6.18107e-07
7.74916e-07
4.12966e-07
6.02343e-07
7.1958e-07
1.05746e-06
5.55017e-07
1.32086e-07
2.88855e-06
1.13763e-06
1.06503e-06
6.91322e-07
8.43889e-08
2.63489e-07
1.06141e-06
3.06358e-07
2.70868e-07
1.63271e-07
8.63718e-07
5.63995e-07
1.60123e-06
3.75435e-07
7.12958e-07
4.86827e-07
3.70699e-07
6.37316e-08
0.0883543
2.06396e-07
3.25365e-07
9.46687e-08
3.83295e-07
3.3512e-07
5.1398e-07
4.0228e-07
2.5753e-07
2.94265e-07
9.90731e-07
4.43502e-07
5.476e-07
1.96613e-07
5.23464e-07
5.01732e-08
2.39018e-07
3.96898e-07
4.51096e-07
0.128049
2.15623e-07
9.54731e-07
1.1775e-06
4.6185e-07
3.85181e-07
5.27856e-07
4.5873e-07
1.10946e-07
1.03131e-06
7.96846e-07
3.58595e-07
2.39677e-08
7.93687e-08
3.41583e-08
7.69506e-07
3.88895e-07
1.06805e-06
1.58417e-06
8.34695e-07
4.04974e-07
4.25864e-07
1.30332e-06
2.63235e-07
7.25709e-07
6.91188e-07
3.45117e-07
4.58029e-07
6.64917e-07
3.72369e-07
1.02045e-07
3.02748e-07
2.21582e-06
3.41733e-08
4.42028e-08
4.39667e-07
1.29774e-06
4.39618e-08
9.05116e-07
7.16494e-07
3.20758e-07
6.0403e-07
3.31374e-07
3.36303e-07
3.34535e-07
4.20038e-07
4.88686e-07
2.23639e-09
8.31398e-07
1.65616e-06
6.55833e-07
2.17905e-07
8.11867e-08
8.91935e-07
1.67009e-08
3.50199e-07
6.08014e-07
9.51068e-07
6.24028e-07
2.3955e-07
3.49825e-07
3.882e-08
6.41521e-07
1.27195e-07
7.82445e-07
2.80905e-07
2.62948e-07
3.04916e-07
3.44083e-07
8.93827e-08
7.24943e-08
1.12176e-06
9.40853e-07
2.28881e-08
9.14737e-08
1.8398e-07
3.95609e-07
0.0730319
5.17057e-07
5.03958e-07
5.6479e-07
5.12274e-07
2.61342e-07
3.80108e-07
6.54341e-07
4.64948e-07
1.50859e-07
3.63011e-07
4.6118e-07
7.83816e-08
3.18205e-07
1.06669e-06
1.23466e-06
6.63236e-07
5.41837e-07
2.10983e-07
1.08923e-06
7.56511e-07
3.41744e-07
2.43367e-07
3.48435e-07
2.29085e-07
6.49616e-07
2.35394e-07
9.83375e-07
4.40035e-08
3.84189e-07
7.27913e-07
3.28696e-07
2.9303e-07
4.90067e-08
5.57783e-07
1.98353e-07
5.61192e-07
1.42056e-07
1.91089e-07
9.17905e-07
6.61544e-08
5.91814e-07
1.90111e-07
5.40948e-08
3.78515e-07
0
6.82386e-07
7.10156e-07
2.01097e-07
1.12323e-07
7.34987e-07
1.14279e-07
6.47632e-07
0.281123
1.1882e-06
1.61131e-08
1.34396e-07
1.87852e-07
2.39295e-07
1.29594e-07
1.0695e-07
9.57087e-08
1.74392e-07
2.08739e-07
4.56103e-07
3.66173e-07
3.55036e-07
1.01097e-06
4.39688e-07
2.73939e-07
6.23513e-07
3.58494e-07
1.86009e-07
4.42248e-07
1.18462e-07
1.61807e-07
2.46898e-07
1.12683e-07
2.37348e-07
3.1873e-07
8.0433e-08
4.44313e-07
1.88978e-08
3.70263e-07
1.6256e-07
2.48701e-08
1.39355e-07
4.17328e-07
6.48867e-08
3.21981e-07
6.94657e-07
3.2678e-07
2.52592e-07
3.16333e-07
2.88973e-07
4.31082e-08
1.37618e-07
2.41051e-07
6.25948e-08
4.94206e-09
2.27984e-07
0.00706434
3.99398e-07
1.82088e-07
1.62607e-08
5.20045e-08
1.37995e-07
3.2708e-07
1.98546e-07
4.25567e-07
2.00925e-07
4.71234e-07
8.6844e-08
4.77405e-07
5.71408e-07
6.36279e-08
1.08267e-08
4.24807e-08
1.51736e-07
1.18462e-07
4.39707e-08
1.62464e-07
4.87712e-07
3.83407e-07
2.23639e-09
1.04169e-07
2.3116e-08
1.01603e-08
3.27194e-07
3.92069e-07
8.4468e-08
9.49253e-08
4.13001e-07
6.84894e-07
7.60229e-08
6.98331e-08
5.16859e-07
7.40127e-08
2.0622e-07
4.95484e-07
7.47076e-08
5.74329e-08
1.71701e-07
1.45798e-08
2.292e-07
1.19466e-07
7.24294e-08
1.31069e-08
1.28888e-07
0.1163
4.4193e-08
0.0392302
0.0417073
4.81603e-08
0.0107134
6.49587e-121
9.89993e-09
0.0356935
0.0584863
4.99261e-08
0.0546493
2.33937e-07
1.59719e-07
2.62576e-07
2.20005e-07
1.61298e-07
5.86254e-08
0.0519928
1.37989e-07
0.00422652
1.54499e-07
1.53734e-08
1.68102e-07
5.90061e-08
0.00912149
5.33445e-07
4.07515e-07
1.5346e-07
1.67944e-08
0.014905
0.036071
0.0137217
7.14122e-07
1.95602e-07
3.07662e-07
1.13752e-07
2.68372e-07
2.98307e-07
3.57029e-07
1.22886e-08
8.65753e-08
0.0244518
3.12452e-07
2.59503e-07
2.08714e-08
1.69795e-07
0.000699208
5.5246e-08
2.70714e-08
1.2311e-07
2.95795e-07
1.56148e-08
2.94279e-07
5.79653e-08
0.114695
0.0134314
4.71947e-07
1.00444e-07
8.36306e-08
1.46294e-08
3.00518e-08
2.05492e-07
0.00428501
1.15784e-08
5.88989e-08
1.06464e-07
1.15647e-07
9.57931e-08
1.48099e-07
2.99306e-07
4.49441e-07
5.29778e-07
1.88978e-08
2.09407e-08
0.0151731
0.029087
1.93937e-07
1.5026e-07
6.33269e-07
2.23963e-07
3.06831e-08
2.66003e-07
0.0138586
3.72898e-08
2.98193e-08
3.08014e-07
6.59571e-08
2.56032e-08
1.54796e-07
7.34074e-08
1.68887e-07
3.13558e-07
1.74149e-07
6.5139e-08
1.39267e-07
2.6395e-08
1.67892e-07
1.0448e-07
4.10818e-08
2.35987e-07
1.37049e-07
1.01428e-07
0.00734381
0.0160745
1.58642e-07
1.7754e-07
8.38951e-08
1.31346e-07
2.83273e-08
4.10611e-07
7.58644e-08
1.90671e-08
1.14706e-07
4.3981e-08
2.66783e-08
0.0140006
4.43877e-08
0.00381421
2.87897e-07
2.3267e-07
6.70575e-08
0
5.94088e-08
4.68961e-08
2.81273e-07
4.34328e-07
0
2.40327e-07
0.0376212
3.9622e-07
1.14688e-08
6.77527e-08
1.35584e-08
1.04147e-08
2.56032e-08
1.23515e-07
3.40629e-07
2.08729e-08
6.47152e-08
1.84802e-07
3.76384e-08
1.12736e-08
1.25415e-07
0.0128823
1.33218e-121
1.29775e-08
8.94194e-09
3.22826e-07
2.46465e-07
5.71502e-08
1.5224e-08
5.8379e-09
2.91266e-08
3.67443e-08
1.22381e-07
0.0242905
5.52076e-08
5.52855e-08
1.39263e-08
2.71229e-121
2.16998e-07
0
9.96837e-08
1.14688e-08
1.16904e-08
3.18271e-08
1.43603e-08
4.6452e-08
5.98752e-08
0.0151959
5.18269e-08
3.13189e-08
2.54794e-08
5.8576e-309
2.01084e-07
1.85966e-07
7.4908e-08
7.46444e-08
7.9168e-08
0.0139543
5.66882e-07
4.83062e-08
7.19381e-08
5.30496e-07
8.33368e-08
5.11609e-08
2.01265e-07
2.86384e-07
8.74801e-08
1.26559e-07
7.10688e-08
1.46088e-06
1.02901e-08
2.20369e-07
3.60594e-07
1.28558e-08
2.11838e-07
2.70876e-07
1.97907e-08
2.727e-07
2.9885e-08
1.77143e-08
8.39642e-09
2.95879e-07
6.10775e-08
1.27579e-08
1.22545e-07
1.81499e-07
2.62075e-08
1.51755e-08
1.25457e-08
2.27429e-07
1.06287e-07
2.68082e-08
3.32996e-08
1.64842e-08
3.56357e-07
2.57227e-121
4.5877e-07
4.81045e-08
0.0935487
2.62387e-08
1.25516e-07
1.25326e-07
8.0009e-09
8.82609e-08
5.38507e-08
9.12607e-07
5.88597e-08
0
7.19564e-07
2.82984e-07
1.53978e-08
1.58106e-08
0
1.11424e-08
1.20105e-07
4.35585e-08
6.00753e-08
2.76654e-08
7.62527e-08
2.6598e-08
1.15784e-08
1.75295e-07
1.97359e-08
2.6598e-08
0
7.73529e-10
1.06719e-07
6.03111e-08
0
3.49e-07
1.46169e-08
2.55706e-08
2.03181e-07
0.0315974
4.63346e-08
2.56406e-08
4.19906e-08
1.27793e-08
4.65977e-08
0.0331391
2.15977e-08
1.75744e-07
1.95062e-08
1.97019e-08
2.78754e-08
2.74367e-07
1.22547e-08
1.77417e-08
1.18508e-08
3.8196e-07
0
1.24637e-08
4.88193e-08
1.07496e-08
2.52266e-08
5.72125e-08
2.02694e-07
3.04252e-07
8.27232e-08
6.86215e-09
5.34227e-08
3.44499e-08
4.14604e-07
3.29501e-07
1.13869e-08
2.23639e-09
2.7839e-07
2.72466e-07
1.74692e-07
2.50537e-09
1.51267e-07
3.63352e-07
3.28373e-07
1.56101e-07
1.98971e-07
1.71252e-07
1.2597e-07
1.21913e-08
1.77866e-07
2.14916e-07
1.78415e-07
7.01567e-07
2.69078e-07
5.32408e-08
4.89182e-08
9.10969e-08
1.11009e-07
2.49353e-08
3.62783e-08
2.94524e-08
0
2.50537e-09
0
0
1.06574e-07
1.02459e-08
1.126e-07
1.40919e-08
2.29732e-07
6.63826e-07
1.93365e-07
1.23762e-07
1.70947e-07
9.89037e-08
1.87434e-07
2.4586e-07
2.20661e-07
8.79939e-08
1.25457e-08
1.25457e-08
1.25457e-08
5.66788e-08
4.48799e-07
7.12795e-08
3.89588e-09
3.47321e-08
1.07631e-07
0.0636203
3.56019e-08
2.7011e-08
1.1485e-07
4.90742e-08
1.25406e-09
1.07593e-07
1.25406e-09
1.29621e-07
0.0457099
5.21134e-08
4.37151e-309
8.16124e-08
1.46951e-07
0
4.33503e-08
3.14953e-08
1.31563e-08
5.12457e-08
2.0966e-07
2.39084e-08
6.95195e-08
2.47472e-07
4.65243e-08
6.33277e-121
1.0419e-08
1.2852e-08
0
1.52534e-08
4.56656e-08
6.86215e-09
9.83773e-09
7.29081e-08
6.71027e-08
8.94194e-09
8.39642e-09
1.25384e-08
